0 0 0 0 0 0 0 0 0 0 0 0 0 0 0 0 0 0 0 0 0 0 0 0 0 
0 0 0 0 0 0 0 0 0 0 0 0 0 0 0 0 0 0 0 0 0 0 0 0 0 
0 0 0 0 0 0 0 0 0 0 0 0 0 0 0 0 0 0 0 0 0 0 0 0 0 
0 0 0 0 0 0 0 0 0 0 0 0 0 0 0 0 0 0 0 0 0 0 0 0 0 
0 0 0 0 0 0 0 0 0 0 0 0 0 0 0 0 0 0 0 0 1135 0 0 0 0 
0 0 0 0 0 0 0 0 0 1135 0 0 0 0 0 0 0 0 0 0 0 0 0 0 0 
0 0 0 0 0 0 0 0 0 0 0 0 0 0 0 0 0 0 0 0 0 0 0 0 0 
0 0 0 0 0 0 0 0 0 0 0 0 0 0 0 0 0 0 0 0 0 0 0 0 0 
0 0 0 0 0 0 0 0 0 0 0 0 0 0 0 0 0 0 0 0 0 0 0 0 0 
0 0 0 0 0 0 0 0 504 0 0 0 0 0 0 0 0 0 0 0 0 0 0 0 0 
0 0 0 0 0 0 0 0 501 0 0 0 0 0 0 506 0 0 0 0 0 0 0 0 0 
0 0 0 0 0 0 0 0 501 0 0 0 0 0 0 502 0 0 0 0 0 0 0 0 0 
0 0 0 0 0 0 0 0 501 0 0 0 0 0 0 502 0 0 0 0 0 0 0 0 0 
0 0 0 0 0 0 0 0 501 0 0 0 0 0 0 502 0 0 0 0 0 0 0 0 0 
